182 182
01110111110001001001000000010110101110010001001000111111100010110010111001111001011010111011110011010000011111111111011011110001100010011000001000100110000001111000001110101011101001
10000111011101001000110010011000001010001101110010010101101011010110100100000001011110000000110111011011011001110010101111000100001101001101011001110010100001001100000000001000110101
01010100000011111100011101001010001010100111111100011111101100101101001011011100110000111000011000001010010101011001110100010000101101001000111000111100000101110110101111101100011001
00100010001101000100110101010001101011110011111100100110100101011100001110010000101000111001100011100000011101101110010011010001011001001001101000100111110011100101011001100001011111
10001101101100001100100100101100001000110101110111100011110111001100010110001011011010110110011101010001111000110111110101001001011101111011011000011011011000111100110101110010100010
11111000001100010110100111100010000100011100110000011001111001001110101001110100001001000011010011100111001101111100011011000100111011110100001101111101100101001111101111101010101101
11100000110011100100000111000010110001000100011011000111100101100100110011100001101101000010101110101100010111110101011111010000000000001101000110011010100010000111111001001001110111
10000100001111110000011010010001001000111101011011010110001100001111011101111000111001011110110100011011010000111110001010001010010011000100001100011000001110000101001101100010110010
01000011110111010001111001001000011110001010011010100101101101010101010100110110110100010000000011000100001001001010000001000010010100001011110110010111000110011010100000001001001011
00101111110111010100000010100000001000100111001111000001101000000101010111001000101100001110011100011111011101001001100001011000011101100000011100011111010100100111000010011001001110
11011101111110011000101000001100000000110001100110010100011101110101000000100011000100001001001000100111100111000001110100011100111000111100010001111110011111010101111110110101110001
00010000111100101101110011100010110011000011000100011011100011011000111110010100000000101000100101100111001001010111011101011010101000111110110000100111001100001100000010000010101011
10010001000011010001110010011000010000110001000011110101110110100010001110001101111010110111010001111000010100011010000011010101011001000110010011111100000010000110000011011000101001
01110101011111110001000010100101001100011101000001001101101101101111011110011111011010110111001101111010111000011111110000101100100111111001111001111110011100010101010110110111000000
00100011011000010101011001000001010110000100000011011100011000110111010011011011001001010101110011011000100100111110011011111010011110111101110110001011011111010100110111111010011111
10101001110011110010111111000110001101111000001001000100101001100111100111111011000111111011010101100011010001110111001101101001111110110001101001111001000110011100110011000100001010
00001100010000110101010101101011110001100110000100000100110110100111100010110000101000011010101111011100001010010001101110111000111111111010101000100010000011101000101010110111101110
11000111111110111001100110010011110111010111100101111011111111110110111011110101010101101001001011011000011010011110100100000111111001101100010001010001001000011000101011101001000000
00010011000001000011101111011110010110111100101000101000101011100101101011110111001010111011000011110011111111011111001010010110111110001101101010010111100110000001000100110001110000
00111011011001110011101100010010111010101010110110001010000100011011000011111110010010001011110110011000110110101101111010010010011110100010110011101111100100001011111100011100011000
01101100111001000110111000000011110111010111010101011010001110111011010110001001000111101111100101110010011011001110010101100011101001010111001011111101111001111110100001011110100011
01011100001101000011101111111110000001110011100001011010001101111101101100010001111110101110001001111001101011111011110110101110001001000001001100110110000110011000000111001000100001
11011001000100010000110001000111011111000110000110110011011010011001101101011011011100001010111111101000000101111100010011111110101100010011001101111011101010100000111100001011011000
11000001111011100001000000110101001000111111001010101010010100110100010101010101100001001101000100111001110011101010010010001000000011010100111011010101000001110100001011000001001100
00100001101111000011100001000100111001110010101100101001010100000111000111110101001011010100001101010101111000010000001111001110100100010101001000110010100110000000101110000100000111
11001001000100010110001100010000100001110100001110011110100000111000011000001110101101001011111000101010111000110011011001000011111010111110010000000111110000100001100101000011111100
10111111001100100100011011111011000001110101010000011001101010100010000111101011000111000001100111011011010010100000100100000100001000101110111000001100010100010101001111001001001000
01010000011110101101100011111100000101011010110100010001000101111010010100100011101100111011000011100001111011100010100110110010011011001100101110100111101111010111011000111111100011
01100110100101001111010101110001010100011100000010001100101000100111100010001110011101010010110011100110100000101001010111111100001000111111011110111101011001111011011001111001010111
00001100100101000011001111011111011001011110100100100011000000001101010011100010110011000011111001101001111000000010000110000110111110010001111000010001111011010000100110011011110000
11100001000101001100011011100000000100011011111010001101001101001011110101000110101110000011011110000110101101110011001111101001011101101001000010100101110110010001000000110110110001
01000001101000010101111100001001100011000010010100110101001000111101010111100111110011110100111100001111010111110011111101010000111000101111100110111100110001101001100101010101001010
11111000111011101100001100010011111011100001001100100110100010110010000110110101000001000110000101010101111110110111101010110011010011001010111111100111100010110110010110111101110111
01001100000100101010100000010010010110001000111101110111011111000011000111110101111111000101101110011001001101010100100011011110001000011101111010110111000001011111000001000011001110
01101111101101011000100010111011111011000001110110110000000111000111101010001001010001110100110011011100111000011010001000100110110010111101111101011000000010011110101110101110100110
11111110011110101110000111111000110001011001001000101101001000010010010111111100101010100111101001100000111001110011100111101010011110011110001010001100100110001111100111110010011000
01011100111100110000011100001001111111111100101111011111100001101101111001111110101010011101110111110110010100010100001010111111101101111111010001011111011001001011101000100110011010
00110100100100111110111011001001100001110010010011001001011001010111100000110100111011001001101000111101110111110110001000111100100010110011101001010010001110011010101001111000111011
00101011010101010110000110011011010001010101110010001101100111111000010111000111001100001000100110000111110111111100101111111101000001011110111000111101101101111101010101100100100100
01101011110100001000001100111100011010111011000001010011110110111110000001111100100101010100010110111100011011011101011111010010000100100000110010111011110011101010110001001100100101
00000010001011100100010111111000000000000010011100011011000000101010010011010100010100111101011011101100110000100100111111000001010110100001110000000001010010000011111000100110011010
10111100100001001001101100101001001110101000011000101101011010001101001000001110101011101000110010101000101100111001000001111010000101101010111001011100110101000111010011000110111000
11011110011011001000100110100111001010110001110010000110011010110001000111110110110101100011110100011110001011000011111110111000000001100101010001000101010010011001100100011101000111
10000010001110100111011000111110111001000011101101101100011101101010110100100000110100110110111100101110000110000101100001100110101110011110100110100001111111010011111111110100011001
11001010101100101001000110100000111101101110110101001011011100100000011110011111011111110011100010010100110010110100000111111001010000000111000010110011010000101101101011101010000011
10111010011000101011000100000000000001100001010111001000011010111110110100011110011010000100000001000001100100111101110100110110000100101001001100101010011010010110100001111000001101
00111110100001010111000011010111001101011011110101110101010001100001010001111101111101001110101010111011011101000001011001111101001110110001110110110111000010010000001011111010000000
01100010001100100111001001010000001010000100100101011110101100101010000101100010001100111010011010110101001010011100000001110111000110111110011010001000000100100001000110100101100001
00010100010101000100011001110111100100011001011011111011010010011000011010010111111101100001010111010100010100000000101100111101000011101101001111000001111001000000000000111010010101
10011011010001110100110001100101011101010100100010001010011001011110111000000000010000110000111111111010011000110100001011110111001111011010111010100010110011010111100010011011001110
00000100010101110110010111011110001011101101001001101001011101000111011010101100011100000010111011000001011100110101100010100001100100110001010001001000111011110011111010011111001101
10010110001101000010001100111110010111010010100111111110110101001000110001111010010111010000111101110111010011001010011111010100101011000100111011011110001000001101101001111011101101
11000101010010100011000100010110000000000110110010000100101111010100010011111110101111101101110110101110101010011001111110011001011001001110110010001001101111000001010100000111100101
10100111010111111110000110011011111101110100011100010111011011111011011001010001011011010001111011011010110011010111111110011001101000110100110011101000010001111010001110110000110111
11010101001011100110101001010110010111100111001001001011110100000001010111011100011101010011001011110000010111110110111110100011101010100000001001100010010011101101001000000100010001
10101110011100010010101111111110111001011010001011111101101011001000100111101010111011010000100110100100000101000010101010010101110100011110100010101100110010010100010000000100010110
10000101010000100100100110011110110100011100011111011011010110111010010111111110101011100101010010111010100110001011001000111100010100011110100010101011000111110001101110100111101110
11001111000100000000101111011010001010010110101011100101100010000010010000111000101000010000110110101001001101000111100010100111010101010110101100110100011001001001101001011001110001
10100101011011001111011111011000100000101111101010011110001101100010010111000111001101001101001110101011110000010011110011010100100011011000011010010001000111001001000000110100010001
10101011101111101010110001001000000011010101101110101101001110011000111000111000110110001011111000011010011110100010101101100011001100010101011111000100111100101100111011001100100010
10101001010001101010000000101101001100011100111111110001010001111101000101001110010110110100010010010011000000011110110101111111101100101111001010010011111110001001111011111110001111
01101010000101000110000100000101110111110011000100101010111110100101010110110000110110110111101000101110001100010011111101010101101111110000000110011111100001001110001001100110111111
00110101000001010111000000001101011001000011110110110100001100100011100000100001100011011000100111111110111001000001110100100101111100100010101011010100001100011111000001001010100000
11101111000110001111011110001010100110010010000001001000100100100101010010100011101111000100101010110101001010101011101000110011110110101110100111101000111110111100110110110000110111
00100000001001010111101110101011011001001010011110110111001101011111111111110000111100001100001000111100000111001110000111111010010110101100110010110101101101111110011010011111001111
01001100010010110011011011110111100100110011101100000001000101110011000111100101100011110001110101001100001111011100110100101100111111110001111111010100001001010000011011011010010110
01011101100001010000011100000101110111111110000100000001000110001010110011101000110101010000110111110000000010000101010011111001100111110101110110011000100100000001110010000111100001
00110101110001111100000111111011100111010001101011000011100111110001011000111100101010001001001101001011010000001010000101101001001100110010110001101100000100111101100000101011111101
01101110000011110101100101110001100111000001011111100001101001001110011101011001100001010011111010111101111001010111101001010010010011010001110111011001110100100100100000111110110000
00001101010000101101001001100101010111010111001011100110010111110100100011000010101101011101111101001110011101000101100011101010111111101010010000100011011001111100111001111010010111
10110111110111101000100101100100000100101000000101000101111001100000001110000000101011011011111001000110101000000100011100011011011010001001010001110011100000011011010101111000011010
00001100001110000010001101001000110101001011000101010110110010101111100100001001110010001110001101000111100111001000000011011001110011110111010111111001101110101100100001110110000110
11100010001001110011111101100011111011010001010111110100100010001100111001110100110000111101101001100011110011100100100010000110000011101001011001010100000000110000001101001011000010
10111100111100010001010101110001000010110011100111111110101011001010001011110101101111110011011001000000101000011011110010111000001011100000110010110001011111000010100100010101101100
10010000000100111110100011010111100111011001111010101101111101011000001110100010001010001000011000101111000010111000001111011100000100010010110100101101110000111010010101101110101101
00011101010010000010011111000100000110101011100001111110111001101011010101001001000101110110101011111101011001101001100010000000100011010111011101011011010010011000010110010000110011
00111001101000001100001100011110110000001000100000010001000100000111100110101011100111011101110111011000001111011001000000000011101110111010001101101100001110010101010011000100101011
10010100110111000110000011100101110110110010001100011010110100010001001111100001001100001011110010011100101000001100001111101100011001001000000001111000010100101010010101001101011111
00100000100110000000011101001100110011011000111000010010111011000001100101011110001001011101101111101101010010111101011011000010111100111101111000010110010010011111111100100100011011
01100001010001100111100000001100111010010001110100000100000010101011001001110010000001111001111110101100100110110011111011111000100010001010110001110101001100100010001100100101101101
00100110101101110010000110010011001101101101011110011101001110000001111110111110001011101111110000110010000011101010011010101100001011000111010110001000100110101000101010010011111010
11001101101010101000010100001110001100010110010100110000100101010111101101111100111101101111111001110111100001100111010011001011111111100010101110010000111000011111100100110101100100
00011101110101100011110011100001111111000001111001110000101001001011100111111101011000111101011101111001100110011000000110110110000111010110001100110110101011100110000100110001000010
10100010100011101011101100101011110101001101001111111100000011110011001011101010110011010111110111010101101010001100110011001100010111111101101000011101000100001011100110011000110100
10000010011100101111111011001100110000001010110000010000000101111110011011100010101110010110001000000111010101100101110010101000110011101010011010100000110110111001110000100110111011
00011001011100001011111100011001101111100111111011001000011000001110101100100100111011011011111000010011000110000010111011100101001011101101001101110011100110100101100010001000000001
00010111110010010000101011111101111101100101101010000100101010101000101010001001000101001000110100101110010111110110100110000101111001001000110111011010110100101110100101111000001000
01000011000101011001111010001100010110011101111101011010110101100111110101100100011011101011100001101000000111110010000001110110100010001011111100111100011101111001110011100101111101
10111110100011010100101100011001001010010101000001101000111001111011110001001100101111100111000000000010101011001000001110100010010100111110010010110010111111101001100100110010010100
01111011001000110001001000111001010011001110100001011110001110110110111110000110101111010101000001100110001100101001111100011011100100011101000000001100111001101111001011001011010010
11101101110101000100011110111010011001100001110001110110001011001001011000011100111110001100001001111000101000100011100110001001101110100101100000010000001100011000111101100101100010
00110010110001111001011001001001000011101110100011110010000000010100100101000000100001000010111111111100111000011010011100010100000111011100101101111010001101110111101101111010011101
01001001100010010111101000110110001101100101100100111111100001111111011111111010111000111100100000110101000101111101010111000010101110110111110011010100000000101110011010010011001010
11010101010011010111100100111001110101101011101110110101111111011101001111101000000100110100101101000000100010101111100011111111010001000000111100011010000110101000001110100100010010
00111101100000011100101001011100101010000010101111110011110110010010111111100000001100000011101101000100000011100001110111110000011000110110111111101000001011001011111110001110001001
00100101000110111010110100010110010010110110001010101001000011011011101011001001011011011000000000000010001000010100101101011000101000001101010010001110001111110000100001111011010101
10001010100001000001100000111101010101000010101000011110011110101111000001011111110101101110110000110000100000010110110100101111100010011100110001111001110110001111111001011000110111
00010111100000010001000100110011110111101110101000010001010100000000101110011010001110111110100010011001101110111000010110010001011010010110101101011110110011100000111010100111111110
10000100101110000100001101101101100100110101100101111011111000000011010000111111001011110001111010001000111100010011111111010110111101010001000110001100010101010110111100111010001000
01010001010001100110100110000100111001011000001001000010111111000001101001001000110100011011110011101100110001111110011010101100101100000100100010111000111001111101000100010101010100
10111000010101101111101100110110101111010110100100010111001101000001110000100000100011100000100011010110000010100101101011100000001110011111110111010101000001010100011111111000000010
01011111000001000001010001001100011110010000100010110011100010001100000011010111110110101101111001110100001100011101001110111011101011111111101100011110100100011101110011010011111100
10010010101100000010000010011000100011010011111010000001000100100010011100100100110011110111000001110010110101000111101011111101000000011001110011011010100010100111111100110111101000
00001111111010000010111110000110101100010011010110000010110010110101010110110111000110100101010110100110101101001001011100011110000001100011010111110000010011101001001110000111000000
11011110001100011111111000101100001110001111110010111100001100111101110100110100111010010000011010011000111000000101101000101101000011111110100111000011010101111101101101110011001010
10001110001101100011110111111001000111111011111010110101000110100111010011101000100011011001101110010111001101101111110010000000110000111110011110010001001001011101111001111110101111
00101000110000100010001000000011110001110110100101101011011011010101100011010111101001001111010101100001010110110000001011111000101110111010001101110111010111100000010111011011001000
10101000110100101010011110010010101001111011100000111001101000010010000001100011111001001000010000101111011000011001011111111101010010011111010111001100010001101110101011011100100110
11100010100100010111011100100000111010010001101111001011100100110001000110000111001011001011001001111010110101010001110001100000001000101000000100001011100110111101100011011100010101
00100101100000010001010101000100110111111000010010100001011000000011100000101110000110100010001101111001011110101000011011110111001011010010101111001000010011010001010000101011000011
10000011010111100110101111010001101101101111000001111100011010101010100001111001100101110010010011010001110000100000000101110100001010111101101100110010011100001100001001111000010110
00101100101000010000100011011101101101101011110011010010011011111101111110000101111100011010011110001101001110111111100111011010100001001010001110110000111100111011000011110011000100
01100000111101110100000000010110001110111001000000101010101101111101111111111010100100010000110111000111101100001010110011001100000001100011101000110001110111110011100001010010010100
00010101000001110000000101011111000000111001111000110010001110111001011011100010010100111000011000000000110111011001001010111110111011100110011101111100111001111100010101101011010111
01011111011110100110110100111111101100001011110010110101010011011100101101001111010011010011110011010011001010001010101111001011011100010010110111100100100110001101001001010000101110
11001111101000111110011010011100010001110111110101100001000101000011110010110010100010110100010110000010000100011001101010111010110000010001111110100100011110001110100001110110101100
01100101100010000100110010110001000010011100001111000110000101110010011101000000001111000001001010110101100111111000110010000000100101011111011001010110101000111100111110100001011011
11111001111101110010011010000110010110011101101010111001101010110110111110100001011101101110001001111010101011111001000001111101011111000101111000111110010010111111111011100011111110
11111011111000011110010110101101000000001000010000101111110011100000000001011011001001011001011111000111001111010100101010100111000010100111001011110110111010110011000110000000011001
10010011010101010100101000000101001011000101000010101000111100100101010010000100100000001110001001111001010011011011010101001100001100100011100000010110000011000011110101111011110101
01000100010110111010101111010000001101101101110111110010110001110110010010110100100100011110110101001001010001001001110100001000010011011101001001011101111100000100110101110111100110
01011100000110000100000110010111111000110110100111001001101111011101011101000100110101111100110010110101110000111010111011010101001100001111110110011100110101100001001111110101010110
11000000010111011000011011011010010011010011110100010000111011100100100010010001111111011100010000110101111110011101001100000000111011111001011011001100000100111100111000111100000011
00111110110011111111010101100100010110100001011111010111001110100110111000110101110101111010100010001000110100011110110001011111000110111111010101011011000110100110100011101101110001
01100000100010000010001001010011000111111100111101100000100101111010111100000110010000001011010110100001010010111110001110100100000010011000000111110100111000010000011011011011110101
01101101100011010111110001100010101111111010111011100100110000101101101010000000100011110111111110110111001011001110100111101101110101111001110101101111100111000001100000001001110000
10010000010001111111100111101011001001010100001111010000010101001011110111011001111001111001010100000111001011100000000100001001001100110000010110010010011010110101110011111101110001
10000010111011110010001000000000101000101001000010001100001101011101000011011010010100111010101001100110010010000110010111101001010111100011111010011001110101111101100011010011101110
11001001100001100000100101111110100000000110100000000111001100001011000101000001100111010011100001110010001100010111000011101001001000111011001001000100111000110101101010011010110001
11011100111111110001110111001111010010011001110110011110101100110101111101101000011011100101000000000000100011001111111101110101110011110101101011001010011111110001111010100100101010
11001101101110010000110011010100001100001101000111011000110101010101101000111111011110110011100111000011111100000010000100101101101111010010100000000111100101011010100000001011110101
10000001001101110100111010110011011101011100011010111110001100110011110001101101000000000101110000100100111000111001111101101001100110010000110101100000101011010111110110011001010101
00001111000000101010010000010001111000111010101011001111101110010110010011000010000111011010000010100101010000101111000110011101010100000011011111010001101001100111101111110100110000
00000111100011001110101001001011111011110000100000000111010010000010100000011110101000010111110101100110001000100000001011101110010100110011110111000001100111101100000101011000100101
11010011010010101011011001011111110101010001011011011110000110110010001000001100010111111010100100001100010110001100110101111100101100011011111000111100000001010001011101111010001100
10101011001100001100101001011010101111000101101011101101110101100001111101011100100000101111001101001001100000010111011101100000010111100001110101000100000001000011110100101011101110
00000011000100101011000010101011100000101001000101000100100101101001011101110110100010010001110010001011110101011101000111111001100101001110100000100000000000100000011011111101001110
11010001011100000111011010111011101010110100100011101110111100110011010001010011111000010001110010110101111100001010000001101001010000010100111010011101100010000110000001101001010110
10011101011110011111010100111010010001010110000001000110100100000101100101000001011011101010011001111001001001100101100000001101110111101011101110100000100110011011111100100010001000
11100110000010000001010111111010010011101110111110011001010001011000111110011110000100111100000101000100110010101010001100110000101000111111101010011011101111101111011011010100111001
11000010010100011100111010000010011101001001011000000100001110001000000100101010100101001100000101001100111101011010011000100010100011000000001101000100000000101011101010000100111100
11100000100010101001010001111101010101001100010100000000110001111000000011100000111101000110110000100110010010011011011000000000100010011010010101111101011010101101101010101000011100
01011101000111111001000100010010100100011010100100110011110101011000001101010110110101110000110101110010100111100010110111010000111011010111101101010000110101111011001100101111001011
01100110110000110110010000001110100100010000010111010011110100001111011000000100001000011110101001110101010000011111110111001101000011111111010110111000011011100110100110111000111001
10100001001101110011110100100111000110001100000101010010000101111001111101010100110010000011011011100101010001101110110001110001010101101000101000101100110000011001011000101111011011
00011101111100101110000001010100010111101111000011100111001000100000010100010101101101111110110111110011000111011101000101110000011011110100110100110101001100011010111101010111111000
11011010010001000101001101110100110011101100000011101010010100001111101101000110101010000111100010011110111110011101111000101000110100001111000101001011100010110001110000111011011110
01111100110010011101101111111110010110101011010011111001110011001110101110010100011000101001010011011101000011010110100010011000011100111101101101100110100101011110111100000001101100
01111111011110101001100001111100001000000110010110001110011100001010011001000011010000000101101111111100111110100110101000000001001100111011011010011110110111100001101100011010100001
10010100000010001111101100011101001000110000011010100001110100111011000110011110101000011101110100011110000001010100111110110001101101101100010010000001101111110011110011110111100111
00100010110001001111110001010110011011011111010010111110101110100001101010100100110010110010010010111110100010000110011111110010101011101010100010110111000010011100011100001000001011
01101001110110110010000001010111011010100101001110111001110000111010010010111000001010100000110101100011010010111010110100010100101001001110111000100101101111010000111000011000111111
01000000000100101011011011110001110011111000101011000011000111010001011010011011011001011100100110000001001000001011011000010010011110011000010101011010000111001011000100110000101011
01011000101010001001001101111000010101011111101011110101001011101010111010010111011101001011001010101101000011001010101100010011101101011000001101001000010001010101110110100101000110
11001010001011010101011101001101110010010010011010011100011111000100100001011101100100100010011010000110000000010101111000100001100001000101101000110100001100110010001000100100100011
00101110011010011111000001111001011100111101110100011000010111000101010010111110011001100101000001011110110111100101011010110011110001100111101010110011110100011000000100100110011101
10001110101101111101111111110001110001011001000101100110010010010100001011110010010000000110101101110101110101010101110101011100100011000000010010010100100100110110001100000000111100
10001101100001100010100000100101100110000001111101000111100101001111101100111100011101101100011001001110110100011110110011011100111100001110111001010101001011011110100010101101000000
10001000101011001110111000011010101000110111111100101101000011101100001100001110010111001101110010001001001111001110101011001000001000110001100010101110110110010100011001101111010010
10000001110101010110011011101011001111100100111101111011010110010000010110100010111111010001101011011001111111111110011101100101111011110101000111111001011111100001010001011101001101
10010110010000000100110110011100000100111110100101101101111001011010010010100001110110101001110001101010010101001101100100111111100011100011000101000111110001011111101101100110011000
01001111010100101111111101100111101000110100110011101111000110000100010011111000011110111100100111001110110000011100111110100101101111001100001011110010010101000001101000100001010110
00110000001100001101101100101011010001001100100101010011101011000001011111110011001011010011011010111001001011011110001100110100111010011001001110111110011101011100000000101111001010
10101000111101110101110001100011110100001101011001110111100100101010100100010000110101111001011110001011111111111001011110101011110010111101001011111101000100010010110011110111001000
01010000010111101011010101010011101100110111110011010101111110010010000010001111011111100011100110100001011001101011010111100111110110010111101110011101100011011010000000110101010010
10110110101011101110101010001100000110101110000101110100111001001011011110101110010000111101101101111110001000001011001101101010001010100110110100110110011001110111011010010101000100
11101011100010101110110101101110000011101010100100100010111001001110101010001010001111101011101001110110111101110110110011111100010110011101101111000111010001001000001111000010101010
01011110110111101010110011011011100101000111010100000011000011001001001001101001100010110010001111010101011000000100111111001000001110111010010010011001010001110100011000100110100001
01011110011000001110001010011000001100111000111001010011101110100011000010011111001101110011010011010001100000100101011001011000000111000010110111010101100011010000111011010100101011
01100111000110100110010010111111001100010000101101110011011001101110101111111011111011010110000101010011001111110010100101001011000110110000101001001100111100101101111011111110011100
10101011100111011111100011110000001100101110000111110001000110100010100111100010110110110001000001111100101000011111010010100001001011000001000001011100000111111011000100010101110111
11110100010110100000101011011100001000111001100001001000011001111000100111101110111011110001110100001000010000110000110100001101010010101011100000000000000110110011101111011110011100
11101101110110100000011100010010101000111101110011000110101110101100110011010111111010011000111010110000000101111010100110000000011110101110101011111111110110011101010010100000000101
01000010000101000101000100101100110110100001101010011011010110111101101001101010111011110000110011010000001101111000111111110010011110110001000110011110011011010110000011001011001100
00001000110001011000110010010101101010011110011010011100100001001110110000010110101110100101111000110010100001101100110011010000000100101010011101000111100111110001001000101101000001
11011101111100001110001111110010000110110110110010001100010011111000000100011010010000101011000101010100101011100000111110010111101000010001000110011010110000101001111110101101011001
00101101000000110010001010001101110100110110000000001111100010110100011100100011101000111011011011111111111100100100010000000110110111110101101000001100100011011111000111100000010111
11110101111101001101101111011100101000101001110011011000001110111011111000101100011001001101001010001011010110010100100100000000010111100000011011011101001110010010111001000011111111
00001010011100011011100101111010010001101011100011010011110000110010101111011100010100010101101011001110100110110001101010110101011101010010111101101100010101011010110010010011000001
00011010001101010100100001110000111111000101010001110010000100010100000011111001000000011111010110011011111101101001010010111001010011110010101110110101111100001100111100011000100100
11111111000101000000111011000110111001010100001000110110000001100101010011100100111101000001000111001111010001011011110111000010010010000100110000100100001100111001011001000100110101
01010101111011100101011001001110001101001001111111101101010111100111110100011101001001000000010010110011000100110011101001010110011100111110010001011010110010001100001101101110111001
